single point
           rcn                      1.853320000000000    1.000000000000000    0.000000000000000
        nperco                      0.5468530000000000    1.000000000000000    0.000000000000000
           cmn                      0.002339549999999998    1.000000000000000    0.000000000000000
       n_updis                      53.79429999999996    1.000000000000000    0.000000000000000
           cdn                      1.110620000000000    1.000000000000000    0.000000000000000
         sdnco                      0.7821330000000000    1.000000000000000    0.000000000000000
         fixco                      0.06232640000000000    1.000000000000000    0.000000000000000
       bc3_bsn                      0.3341650000000000    1.000000000000000    0.000000000000000
     shallst_n                      7.973999999999999    1.000000000000000    0.000000000000000
        erorgp                      5.813989999999999    1.000000000000000    0.000000000000000
      soln_con                      8.742909999999998    1.000000000000000    0.000000000000000
       sol_no3                      17.54399999999999    1.000000000000000    0.000000000000000
      sol_orgn                      5700.319999999996    1.000000000000000    0.000000000000000
          kden                      0.1047780000000000    1.000000000000000    0.000000000000000
          kno3                      32.56880000000001    1.000000000000000    0.000000000000000
            al                      21.22870000000000    1.000000000000000    0.000000000000000
