single point
           rcn                      1.019053414827145    1.000000000000000    0.000000000000000
        nperco                      0.9996709007665291    1.000000000000000    0.000000000000000
           cmn                      0.007980016312238002    1.000000000000000    0.000000000000000
       n_updis                      14.81489441508410    1.000000000000000    0.000000000000000
           cdn                      0.002036160621964878    1.000000000000000    0.000000000000000
         sdnco                      1.086527191081954    1.000000000000000    0.000000000000000
         fixco                      0.002344765603867812    1.000000000000000    0.000000000000000
       bc3_bsn                      0.4772922897510114    1.000000000000000    0.000000000000000
     shallst_n                      0.3785835178013723    1.000000000000000    0.000000000000000
        erorgp                      9.786317427210372    1.000000000000000    0.000000000000000
      soln_con                      3.923009199492751    1.000000000000000    0.000000000000000
       sol_no3                      7.769680077580283    1.000000000000000    0.000000000000000
      sol_orgn                      6834.421219774052    1.000000000000000    0.000000000000000
          kden                      0.09604861954436697    1.000000000000000    0.000000000000000
          kno3                      93.85600782439636    1.000000000000000    0.000000000000000
            al                      32.10779724183694    1.000000000000000    0.000000000000000
