single point
           rcn                      0.9621937663190409    1.000000000000000    0.000000000000000
        nperco                      1.000000000000000    1.000000000000000    0.000000000000000
           cmn                      0.008441909891814342    1.000000000000000    0.000000000000000
       n_updis                      15.20698252045586    1.000000000000000    0.000000000000000
           cdn                      0.06847996947429448    1.000000000000000    0.000000000000000
         sdnco                      1.086040056809748    1.000000000000000    0.000000000000000
         fixco                      0.000000000000000    1.000000000000000    0.000000000000000
       bc3_bsn                      0.4983647890604282    1.000000000000000    0.000000000000000
     shallst_n                      0.3795216710631409    1.000000000000000    0.000000000000000
        erorgp                      9.999999999999998    1.000000000000000    0.000000000000000
      soln_con                      3.805025419843622    1.000000000000000    0.000000000000000
       sol_no3                      8.220990441152228    1.000000000000000    0.000000000000000
      sol_orgn                      6868.699763520758    1.000000000000000    0.000000000000000
          kden                      0.09602796237084874    1.000000000000000    0.000000000000000
          kno3                      92.41202058256778    1.000000000000000    0.000000000000000
            al                      31.47239856130205    1.000000000000000    0.000000000000000
