single point
           rcn                      3.419162031098619    1.000000000000000    0.000000000000000
        nperco                      0.9842345474605034    1.000000000000000    0.000000000000000
           cmn                      0.006797380247405505    1.000000000000000    0.000000000000000
       n_updis                      5.000000000000001    1.000000000000000    0.000000000000000
           cdn                      0.4814526372528999    1.000000000000000    0.000000000000000
         sdnco                      1.033762474157646    1.000000000000000    0.000000000000000
         fixco                      0.01963032807591297    1.000000000000000    0.000000000000000
       bc3_bsn                      0.3635332345894909    1.000000000000000    0.000000000000000
     shallst_n                      0.1048197597594974    1.000000000000000    0.000000000000000
        erorgp                      8.790902091384645    1.000000000000000    0.000000000000000
      soln_con                      4.033848890909730    1.000000000000000    0.000000000000000
       sol_no3                      5.317988285899903    1.000000000000000    0.000000000000000
      sol_orgn                      10736.09231612165    1.000000000000000    0.000000000000000
          kden                      0.09177812765358298    1.000000000000000    0.000000000000000
          kno3                      67.24769821375153    1.000000000000000    0.000000000000000
            al                      49.77083485643484    1.000000000000000    0.000000000000000
