single point
           rcn                      3.503595294546407    1.000000000000000    0.000000000000000
        nperco                      0.9842304596293955    1.000000000000000    0.000000000000000
           cmn                      0.006626862944694847    1.000000000000000    0.000000000000000
       n_updis                      5.000000000000001    1.000000000000000    0.000000000000000
           cdn                      0.3689181885859715    1.000000000000000    0.000000000000000
         sdnco                      1.035283566291684    1.000000000000000    0.000000000000000
         fixco                      0.02702472804590227    1.000000000000000    0.000000000000000
       bc3_bsn                      0.4084071027311030    1.000000000000000    0.000000000000000
     shallst_n                      0.1000000000000000    1.000000000000000    0.000000000000000
        erorgp                      9.580471833062727    1.000000000000000    0.000000000000000
      soln_con                      3.844801025841897    1.000000000000000    0.000000000000000
       sol_no3                      5.765077901344172    1.000000000000000    0.000000000000000
      sol_orgn                      12134.99244172228    1.000000000000000    0.000000000000000
          kden                      0.1153615129557199    1.000000000000000    0.000000000000000
          kno3                      66.55927624740730    1.000000000000000    0.000000000000000
            al                      51.24784968837557    1.000000000000000    0.000000000000000
