single point
           rcn                      3.533256774063958    1.000000000000000    0.000000000000000
        nperco                      0.9545620630657030    1.000000000000000    0.000000000000000
           cmn                      0.002949519895245212    1.000000000000000    0.000000000000000
       n_updis                      31.96481345180567    1.000000000000000    0.000000000000000
           cdn                      0.7902220557756651    1.000000000000000    0.000000000000000
         sdnco                      1.042097275106731    1.000000000000000    0.000000000000000
         fixco                      0.02697719220394657    1.000000000000000    0.000000000000000
       bc3_bsn                      0.3851452313368221    1.000000000000000    0.000000000000000
     shallst_n                      9.455815561093214    1.000000000000000    0.000000000000000
        erorgp                      2.299591705683891    1.000000000000000    0.000000000000000
      soln_con                      17.95907410971807    1.000000000000000    0.000000000000000
       sol_no3                      8.517925864360464    1.000000000000000    0.000000000000000
      sol_orgn                      5775.974793214248    1.000000000000000    0.000000000000000
          kden                      0.05380012136715090    1.000000000000000    0.000000000000000
          kno3                      26.27058034561897    1.000000000000000    0.000000000000000
            al                      7.669821959454312    1.000000000000000    0.000000000000000
      alpha_bf                      0.05415953192225638    1.000000000000000    0.000000000000000
       ch_k2_m                      0.8282506555576177    1.000000000000000    0.000000000000000
         cn2_m                      1.009017388088670    1.000000000000000    0.000000000000000
          esco                      0.8523726924367384    1.000000000000000    0.000000000000000
      gw_delay                      35.96383209219849    1.000000000000000    0.000000000000000
      gw_revap                      0.04692693324634734    1.000000000000000    0.000000000000000
         gwqmn                      1610.920644255296    1.000000000000000    0.000000000000000
        surlag                      4.758303711777767    1.000000000000000    0.000000000000000
      rchrg_dp                      0.06044645429965762    1.000000000000000    0.000000000000000
       revapmn                      714.9748739330447    1.000000000000000    0.000000000000000
       hk_mult                      1.259335810605657    1.000000000000000    0.000000000000000
            sy                      0.07439436155134620    1.000000000000000    0.000000000000000
            ss                      8.166589132044631e-06    1.000000000000000    0.000000000000000
