single point
           rcn                      0.9619315735717681    1.000000000000000    0.000000000000000
        nperco                      1.000000000000000    1.000000000000000    0.000000000000000
           cmn                      0.008501632222445956    1.000000000000000    0.000000000000000
       n_updis                      15.60413689185556    1.000000000000000    0.000000000000000
           cdn                      0.06341499855536775    1.000000000000000    0.000000000000000
         sdnco                      1.085870032031340    1.000000000000000    0.000000000000000
         fixco                      0.0009091227563267150    1.000000000000000    0.000000000000000
       bc3_bsn                      0.5052426609915281    1.000000000000000    0.000000000000000
     shallst_n                      0.3737373793288289    1.000000000000000    0.000000000000000
        erorgp                      9.999999999999998    1.000000000000000    0.000000000000000
      soln_con                      3.771935721590110    1.000000000000000    0.000000000000000
       sol_no3                      8.294130989343040    1.000000000000000    0.000000000000000
      sol_orgn                      6891.103110794658    1.000000000000000    0.000000000000000
          kden                      0.09636632139428265    1.000000000000000    0.000000000000000
          kno3                      92.60812299846458    1.000000000000000    0.000000000000000
            al                      31.50259214550020    1.000000000000000    0.000000000000000
