single point
           rcn                      1.759516559736028    1.000000000000000    0.000000000000000
        nperco                      0.5213535923634033    1.000000000000000    0.000000000000000
           cmn                      0.001890684086485155    1.000000000000000    0.000000000000000
       n_updis                      30.18231454068848    1.000000000000000    0.000000000000000
           cdn                      1.371491408623164    1.000000000000000    0.000000000000000
         sdnco                      0.7128725961919785    1.000000000000000    0.000000000000000
         fixco                      0.02875241764704360    1.000000000000000    0.000000000000000
       bc3_bsn                      0.3966675741955690    1.000000000000000    0.000000000000000
     shallst_n                      5.281009772298808    1.000000000000000    0.000000000000000
        erorgp                      3.046328776053344    1.000000000000000    0.000000000000000
      soln_con                      8.956954673744084    1.000000000000000    0.000000000000000
       sol_no3                      7.040140551899245    1.000000000000000    0.000000000000000
      sol_orgn                      4119.307617444809    1.000000000000000    0.000000000000000
          kden                      0.09565838005197046    1.000000000000000    0.000000000000000
          kno3                      10.10558626971720    1.000000000000000    0.000000000000000
            al                      21.31983484456574    1.000000000000000    0.000000000000000
      alpha_bf                      0.05165407622319676    1.000000000000000    0.000000000000000
       ch_k2_m                      0.9801990152343563    1.000000000000000    0.000000000000000
         cn2_m                      1.001136040222341    1.000000000000000    0.000000000000000
          esco                      0.8511369272416591    1.000000000000000    0.000000000000000
      gw_delay                      30.43474840719232    1.000000000000000    0.000000000000000
      gw_revap                      0.05171148860171505    1.000000000000000    0.000000000000000
         gwqmn                      1044.076008456742    1.000000000000000    0.000000000000000
        surlag                      4.203729557993883    1.000000000000000    0.000000000000000
      rchrg_dp                      0.05998874510749878    1.000000000000000    0.000000000000000
       revapmn                      749.2410358512332    1.000000000000000    0.000000000000000
       hk_mult                      1.156833648027926    1.000000000000000    0.000000000000000
            sy                      0.09346884867701269    1.000000000000000    0.000000000000000
            ss                      9.501674331324054e-06    1.000000000000000    0.000000000000000
