single point
           rcn                      0.8308874427459619    1.000000000000000    0.000000000000000
        nperco                      0.9905976260565812    1.000000000000000    0.000000000000000
           cmn                      0.01000000000000000    1.000000000000000    0.000000000000000
       n_updis                      27.16447031429592    1.000000000000000    0.000000000000000
           cdn                      0.2804882549893609    1.000000000000000    0.000000000000000
         sdnco                      1.089678039541503    1.000000000000000    0.000000000000000
         fixco                      0.000000000000000    1.000000000000000    0.000000000000000
       bc3_bsn                      0.5173680300823528    1.000000000000000    0.000000000000000
     shallst_n                      0.5832481684161553    1.000000000000000    0.000000000000000
        erorgp                      9.101073849448595    1.000000000000000    0.000000000000000
      soln_con                      4.748044150126439    1.000000000000000    0.000000000000000
       sol_no3                      7.375255464172977    1.000000000000000    0.000000000000000
      sol_orgn                      5923.277904678864    1.000000000000000    0.000000000000000
          kden                      0.1030062572489952    1.000000000000000    0.000000000000000
          kno3                      99.99999999999997    1.000000000000000    0.000000000000000
            al                      22.50089662889324    1.000000000000000    0.000000000000000
