single point
           rcn                      4.035660580155849    1.000000000000000    0.000000000000000
        nperco                      1.000000000000000    1.000000000000000    0.000000000000000
           cmn                      0.003172291833206784    1.000000000000000    0.000000000000000
       n_updis                      27.78877635148334    1.000000000000000    0.000000000000000
           cdn                      0.5793560993953536    1.000000000000000    0.000000000000000
         sdnco                      1.077348427130809    1.000000000000000    0.000000000000000
         fixco                      0.02454277613281013    1.000000000000000    0.000000000000000
       bc3_bsn                      0.3332016692991820    1.000000000000000    0.000000000000000
     shallst_n                      13.16004805313351    1.000000000000000    0.000000000000000
        erorgp                      2.425216902440444    1.000000000000000    0.000000000000000
      soln_con                      19.52582976667104    1.000000000000000    0.000000000000000
       sol_no3                      11.85479886256743    1.000000000000000    0.000000000000000
      sol_orgn                      5694.959323903145    1.000000000000000    0.000000000000000
          kden                      0.05722521025810016    1.000000000000000    0.000000000000000
          kno3                      68.16526116776112    1.000000000000000    0.000000000000000
            al                      8.114126047829458    1.000000000000000    0.000000000000000
      alpha_bf                      0.05516450076028317    1.000000000000000    0.000000000000000
       ch_k2_m                      0.7462288390120694    1.000000000000000    0.000000000000000
         cn2_m                      1.028333540470447    1.000000000000000    0.000000000000000
          esco                      0.8557801753719576    1.000000000000000    0.000000000000000
      gw_delay                      37.57507314917689    1.000000000000000    0.000000000000000
      gw_revap                      0.03604896225635813    1.000000000000000    0.000000000000000
         gwqmn                      2120.803670976664    1.000000000000000    0.000000000000000
        surlag                      4.844109048213356    1.000000000000000    0.000000000000000
      rchrg_dp                      0.01424507526070475    1.000000000000000    0.000000000000000
       revapmn                      712.7027119568272    1.000000000000000    0.000000000000000
       hk_mult                      1.481043962426299    1.000000000000000    0.000000000000000
            sy                      0.07727375646197364    1.000000000000000    0.000000000000000
            ss                      8.208450681048296e-06    1.000000000000000    0.000000000000000
