single point
           rcn                      0.5000000000000000    1.000000000000000    0.000000000000000
        nperco                      1.000000000000000    1.000000000000000    0.000000000000000
           cmn                      0.009888104437566495    1.000000000000000    0.000000000000000
       n_updis                      35.71966433918070    1.000000000000000    0.000000000000000
           cdn                      0.4616891501968742    1.000000000000000    0.000000000000000
         sdnco                      1.100000000000000    1.000000000000000    0.000000000000000
         fixco                      0.000000000000000    1.000000000000000    0.000000000000000
       bc3_bsn                      0.3096215096803185    1.000000000000000    0.000000000000000
     shallst_n                      0.4089201175616166    1.000000000000000    0.000000000000000
        erorgp                      6.243564620105957    1.000000000000000    0.000000000000000
      soln_con                      3.822293003007858    1.000000000000000    0.000000000000000
       sol_no3                      8.923137357167812    1.000000000000000    0.000000000000000
      sol_orgn                      7021.839842522986    1.000000000000000    0.000000000000000
          kden                      0.1571144217320052    1.000000000000000    0.000000000000000
          kno3                      99.99999999999997    1.000000000000000    0.000000000000000
            al                      9.896428088066855    1.000000000000000    0.000000000000000
