single point
           rcn                      1.500000000000000    1.000000000000000    0.000000000000000
        nperco                      0.5000000000000000    1.000000000000000    0.000000000000000
           cmn                      0.002000000000000000    1.000000000000000    0.000000000000000
       n_updis                      29.99999999999999    1.000000000000000    0.000000000000000
           cdn                      1.400000000000000    1.000000000000000    0.000000000000000
         sdnco                      0.7000000000000000    1.000000000000000    0.000000000000000
         fixco                      0.02000000000000000    1.000000000000000    0.000000000000000
       bc3_bsn                      0.4000000000000000    1.000000000000000    0.000000000000000
     shallst_n                      5.000000000000001    1.000000000000000    0.000000000000000
        erorgp                      3.000000000000000    1.000000000000000    0.000000000000000
      soln_con                      8.999999999999998    1.000000000000000    0.000000000000000
       sol_no3                      7.500000000000001    1.000000000000000    0.000000000000000
      sol_orgn                      4000.000000000000    1.000000000000000    0.000000000000000
          kden                      0.1000000000000000    1.000000000000000    0.000000000000000
          kno3                      9.999999999999998    1.000000000000000    0.000000000000000
            al                      20.00000000000000    1.000000000000000    0.000000000000000
      alpha_bf                      0.04999999999999999    1.000000000000000    0.000000000000000
       ch_k2_m                      1.000000000000000    1.000000000000000    0.000000000000000
         cn2_m                      1.000000000000000    1.000000000000000    0.000000000000000
          esco                      0.8500000000000000    1.000000000000000    0.000000000000000
      gw_delay                      31.00000000000000    1.000000000000000    0.000000000000000
      gw_revap                      0.04999999999999999    1.000000000000000    0.000000000000000
         gwqmn                      1000.000000000000    1.000000000000000    0.000000000000000
        surlag                      4.000000000000000    1.000000000000000    0.000000000000000
      rchrg_dp                      0.05000000000000000    1.000000000000000    0.000000000000000
       revapmn                      750.0000000000000    1.000000000000000    0.000000000000000
       hk_mult                      1.000000000000000    1.000000000000000    0.000000000000000
            sy                      0.1000000000000000    1.000000000000000    0.000000000000000
            ss                      9.999999999999996e-06    1.000000000000000    0.000000000000000
