single point
           rcn                      1.500000000000000    1.000000000000000    0.000000000000000
        nperco                      0.5000000000000000    1.000000000000000    0.000000000000000
           cmn                      0.002000000000000000    1.000000000000000    0.000000000000000
       n_updis                      29.99999999999999    1.000000000000000    0.000000000000000
           cdn                      1.400000000000000    1.000000000000000    0.000000000000000
         sdnco                      0.7000000000000000    1.000000000000000    0.000000000000000
         fixco                      0.02000000000000000    1.000000000000000    0.000000000000000
       bc3_bsn                      0.4000000000000000    1.000000000000000    0.000000000000000
     shallst_n                      5.000000000000001    1.000000000000000    0.000000000000000
        erorgp                      3.000000000000000    1.000000000000000    0.000000000000000
      soln_con                      8.999999999999998    1.000000000000000    0.000000000000000
       sol_no3                      7.500000000000001    1.000000000000000    0.000000000000000
      sol_orgn                      4000.000000000000    1.000000000000000    0.000000000000000
          kden                      0.1000000000000000    1.000000000000000    0.000000000000000
          kno3                      9.999999999999998    1.000000000000000    0.000000000000000
            al                      20.00000000000000    1.000000000000000    0.000000000000000
