single point
           rcn                      3.681115775953269    1.000000000000000    0.000000000000000
        nperco                      0.9760015233768180    1.000000000000000    0.000000000000000
           cmn                      0.003211352642396007    1.000000000000000    0.000000000000000
       n_updis                      5.000000000000001    1.000000000000000    0.000000000000000
           cdn                      0.5781685725375844    1.000000000000000    0.000000000000000
         sdnco                      0.9941330896839863    1.000000000000000    0.000000000000000
         fixco                      0.000000000000000    1.000000000000000    0.000000000000000
       bc3_bsn                      0.6899367256877627    1.000000000000000    0.000000000000000
     shallst_n                      0.1000000000000000    1.000000000000000    0.000000000000000
        erorgp                      4.140982788728749    1.000000000000000    0.000000000000000
      soln_con                      4.449011950573562    1.000000000000000    0.000000000000000
       sol_no3                      9.377677021000423    1.000000000000000    0.000000000000000
      sol_orgn                      9013.895744918143    1.000000000000000    0.000000000000000
          kden                      0.07303629727121456    1.000000000000000    0.000000000000000
          kno3                      50.92663542581494    1.000000000000000    0.000000000000000
            al                      54.46465889411771    1.000000000000000    0.000000000000000
