single point
      alpha_bf                      0.05114618706969632    1.000000000000000    0.000000000000000
       ch_k2_m                      1.017912541405352    1.000000000000000    0.000000000000000
         cn2_m                      0.9505913950487404    1.000000000000000    0.000000000000000
          esco                      0.7366530411549626    1.000000000000000    0.000000000000000
      gw_delay                      13.92247925047734    1.000000000000000    0.000000000000000
      gw_revap                      0.02027094318427818    1.000000000000000    0.000000000000000
         gwqmn                      687.1760872955142    1.000000000000000    0.000000000000000
       hk_mult                      1.911914174439650    1.000000000000000    0.000000000000000
      rchrg_dp                      0.03116075507213954    1.000000000000000    0.000000000000000
       revapmn                      742.3901753385785    1.000000000000000    0.000000000000000
            ss                      4.429238501766484e-05    1.000000000000000    0.000000000000000
        surlag                      7.891589254832696    1.000000000000000    0.000000000000000
            sy                      0.2003453606430742    1.000000000000000    0.000000000000000
