single point
      alpha_bf                      0.05065250000000003    1.000000000000000    0.000000000000000
       ch_k2_m                      1.003060000000000    1.000000000000000    0.000000000000000
         cn2_m                      0.9330030000000000    1.000000000000000    0.000000000000000
          esco                      0.7321930000000000    1.000000000000000    0.000000000000000
      gw_delay                      14.62060000000000    1.000000000000000    0.000000000000000
      gw_revap                      0.02000000000000000    1.000000000000000    0.000000000000000
         gwqmn                      712.6669999999997    1.000000000000000    0.000000000000000
       hk_mult                      2.000000000000000    1.000000000000000    0.000000000000000
      rchrg_dp                      0.03018610000000000    1.000000000000000    0.000000000000000
       revapmn                      749.7380000000003    1.000000000000000    0.000000000000000
            ss                      5.000000000000002e-05    1.000000000000000    0.000000000000000
        surlag                      7.994959999999998    1.000000000000000    0.000000000000000
            sy                      0.2000000000000000    1.000000000000000    0.000000000000000
