single point
      alpha_bf                      0.07022805555199563    1.000000000000000    0.000000000000000
       ch_k2_m                      1.326006467662236    1.000000000000000    0.000000000000000
         cn2_m                      1.191653503209123    1.000000000000000    0.000000000000000
          esco                      0.6535326352799680    1.000000000000000    0.000000000000000
      gw_delay                      17.47857096386464    1.000000000000000    0.000000000000000
      gw_revap                      0.02002765749120779    1.000000000000000    0.000000000000000
         gwqmn                      440.3471821707317    1.000000000000000    0.000000000000000
       hk_mult                      1.894322965127823    1.000000000000000    0.000000000000000
      rchrg_dp                      0.03348947547442416    1.000000000000000    0.000000000000000
       revapmn                      792.9140931631442    1.000000000000000    0.000000000000000
            ss                      2.588792436066803e-05    1.000000000000000    0.000000000000000
        surlag                      7.884273481334269    1.000000000000000    0.000000000000000
            sy                      0.1005655041787921    1.000000000000000    0.000000000000000
