single point
      alpha_bf                      0.05898659396121160    1.000000000000000    0.000000000000000
       ch_k2_m                      1.169986900967906    1.000000000000000    0.000000000000000
         cn2_m                      1.171985378932893    1.000000000000000    0.000000000000000
          esco                      0.7299645054831780    1.000000000000000    0.000000000000000
      gw_delay                      15.77899587317562    1.000000000000000    0.000000000000000
      gw_revap                      0.02022967047354175    1.000000000000000    0.000000000000000
         gwqmn                      646.1036436281873    1.000000000000000    0.000000000000000
       hk_mult                      1.906668646279782    1.000000000000000    0.000000000000000
      rchrg_dp                      0.03207211646159051    1.000000000000000    0.000000000000000
       revapmn                      754.7074695812207    1.000000000000000    0.000000000000000
            ss                      3.858289778528561e-05    1.000000000000000    0.000000000000000
        surlag                      8.028082435064702    1.000000000000000    0.000000000000000
            sy                      0.1714996888033137    1.000000000000000    0.000000000000000
