single point
      alpha_bf                      0.05114620000000002    1.000000000000000    0.000000000000000
       ch_k2_m                      1.017910000000000    1.000000000000000    0.000000000000000
         cn2_m                      0.9505910000000000    1.000000000000000    0.000000000000000
          esco                      0.7366530000000000    1.000000000000000    0.000000000000000
      gw_delay                      13.92250000000000    1.000000000000000    0.000000000000000
      gw_revap                      0.02027090000000000    1.000000000000000    0.000000000000000
         gwqmn                      687.1759999999999    1.000000000000000    0.000000000000000
       hk_mult                      1.911910000000000    1.000000000000000    0.000000000000000
      rchrg_dp                      0.03116080000000000    1.000000000000000    0.000000000000000
       revapmn                      742.3899999999998    1.000000000000000    0.000000000000000
            ss                      4.429240000000005e-05    1.000000000000000    0.000000000000000
        surlag                      7.891589999999997    1.000000000000000    0.000000000000000
            sy                      0.2003450000000000    1.000000000000000    0.000000000000000
