single point
      alpha_bf                      0.06528984941512864    1.000000000000000    0.000000000000000
       ch_k2_m                      1.295876253469457    1.000000000000000    0.000000000000000
         cn2_m                      1.212048251024879    1.000000000000000    0.000000000000000
          esco                      0.6899779625200197    1.000000000000000    0.000000000000000
      gw_delay                      17.02924206986587    1.000000000000000    0.000000000000000
      gw_revap                      0.02015164671442289    1.000000000000000    0.000000000000000
         gwqmn                      523.6921936239961    1.000000000000000    0.000000000000000
       hk_mult                      1.978484413051294    1.000000000000000    0.000000000000000
      rchrg_dp                      0.03286395709703084    1.000000000000000    0.000000000000000
       revapmn                      777.1813117774750    1.000000000000000    0.000000000000000
            ss                      3.063659223373619e-05    1.000000000000000    0.000000000000000
        surlag                      8.005133011519193    1.000000000000000    0.000000000000000
            sy                      0.1289056350188833    1.000000000000000    0.000000000000000
