single point
         cn2_m                      0.9330000000000001    1.000000000000000    0.000000000000000
       canmx_m                      1.000000000000000    1.000000000000000    0.000000000000000
    slsubbsn_m                      1.000000000000000    1.000000000000000    0.000000000000000
        ov_n_m                      1.000000000000000    1.000000000000000    0.000000000000000
        surlag                      7.994999999999999    1.000000000000000    0.000000000000000
          esco                      0.7320000000000000    1.000000000000000    0.000000000000000
          epco                      1.000000000000000    1.000000000000000    0.000000000000000
     sol_awc_m                      1.000000000000000    1.000000000000000    0.000000000000000
       sol_k_m                      1.000000000000000    1.000000000000000    0.000000000000000
      sol_bd_m                      1.000000000000000    1.000000000000000    0.000000000000000
          ffcb                      0.000000000000000    1.000000000000000    0.000000000000000
      alpha_bf                      0.05070000000000002    1.000000000000000    0.000000000000000
      gw_delay                      14.62000000000000    1.000000000000000    0.000000000000000
      gw_revap                      0.02000000000000000    1.000000000000000    0.000000000000000
         gwqmn                      712.6700000000001    1.000000000000000    0.000000000000000
      rchrg_dp                      0.03020000000000000    1.000000000000000    0.000000000000000
       revapmn                      749.7400000000005    1.000000000000000    0.000000000000000
     lat_ttime                      0.000000000000000    1.000000000000000    0.000000000000000
    gw_spyld_m                      1.000000000000000    1.000000000000000    0.000000000000000
    alpha_bf_d                      0.01000000000000000    1.000000000000000    0.000000000000000
      deepst_m                      1.000000000000000    1.000000000000000    0.000000000000000
     shallst_m                      1.000000000000000    1.000000000000000    0.000000000000000
       ch_k2_m                      1.003000000000000    1.000000000000000    0.000000000000000
       ch_n2_m                      1.000000000000000    1.000000000000000    0.000000000000000
     alpha_bnk                      0.000000000000000    1.000000000000000    0.000000000000000
         sftmp                      1.000000000000000    1.000000000000000    0.000000000000000
         smfmx                      4.500000000000000    1.000000000000000    0.000000000000000
         smfmn                      4.500000000000000    1.000000000000000    0.000000000000000
          timp                      1.000000000000000    1.000000000000000    0.000000000000000
     hru_slp_m                      1.000000000000000    1.000000000000000    0.000000000000000
       hk_mult                      2.000000000000000    1.000000000000000    0.000000000000000
            sy                      0.1500000000000000    1.000000000000000    0.000000000000000
            ss                      5.000000000000002e-05    1.000000000000000    0.000000000000000
      vka_mult                      1.000000000000000    1.000000000000000    0.000000000000000
