single point
      alpha_bf                      0.1207098845412041    1.000000000000000    0.000000000000000
       ch_k2_m                      1.510710770172769    1.000000000000000    0.000000000000000
         cn2_m                      1.177888655010398    1.000000000000000    0.000000000000000
          esco                      0.5829315550553746    1.000000000000000    0.000000000000000
      gw_delay                      16.32288234225777    1.000000000000000    0.000000000000000
      gw_revap                      0.02000000000000000    1.000000000000000    0.000000000000000
         gwqmn                      142.2966134073946    1.000000000000000    0.000000000000000
       hk_mult                      1.118015936593434    1.000000000000000    0.000000000000000
      rchrg_dp                      0.02066572573067552    1.000000000000000    0.000000000000000
       revapmn                      951.9779981661561    1.000000000000000    0.000000000000000
            ss                      1.660452167460235e-05    1.000000000000000    0.000000000000000
        surlag                      9.682734354909153    1.000000000000000    0.000000000000000
            sy                      0.1206268743563375    1.000000000000000    0.000000000000000
