single point
      alpha_bf                      0.06439738049314403    1.000000000000000    0.000000000000000
       ch_k2_m                      1.525711384641441    1.000000000000000    0.000000000000000
         cn2_m                      1.137786392858164    1.000000000000000    0.000000000000000
          esco                      0.7392497581625126    1.000000000000000    0.000000000000000
      gw_delay                      16.48311417792284    1.000000000000000    0.000000000000000
      gw_revap                      0.02000000000000000    1.000000000000000    0.000000000000000
         gwqmn                      260.7804749387502    1.000000000000000    0.000000000000000
       hk_mult                      1.351642510091403    1.000000000000000    0.000000000000000
      rchrg_dp                      0.01729054002496109    1.000000000000000    0.000000000000000
       revapmn                      816.4019273823378    1.000000000000000    0.000000000000000
            ss                      1.567484582123978e-05    1.000000000000000    0.000000000000000
        surlag                      9.040532014494842    1.000000000000000    0.000000000000000
            sy                      0.1755168254105925    1.000000000000000    0.000000000000000
