single point
      alpha_bf                      0.07711326769064621    1.000000000000000    0.000000000000000
       ch_k2_m                      1.299239091898460    1.000000000000000    0.000000000000000
         cn2_m                      1.175287259426028    1.000000000000000    0.000000000000000
          esco                      0.5878704436732280    1.000000000000000    0.000000000000000
      gw_delay                      16.78938201524398    1.000000000000000    0.000000000000000
      gw_revap                      0.02064124904810670    1.000000000000000    0.000000000000000
         gwqmn                      398.4523019567050    1.000000000000000    0.000000000000000
       hk_mult                      1.407294878224224    1.000000000000000    0.000000000000000
      rchrg_dp                      0.03522458222901619    1.000000000000000    0.000000000000000
       revapmn                      815.3400161378744    1.000000000000000    0.000000000000000
            ss                      2.652617893555822e-05    1.000000000000000    0.000000000000000
        surlag                      7.799166143811355    1.000000000000000    0.000000000000000
            sy                      0.07739823559017744    1.000000000000000    0.000000000000000
