single point
      alpha_bf                      0.07022810000000002    1.000000000000000    0.000000000000000
       ch_k2_m                      1.326010000000000    1.000000000000000    0.000000000000000
         cn2_m                      1.191650000000000    1.000000000000000    0.000000000000000
          esco                      0.6535330000000000    1.000000000000000    0.000000000000000
      gw_delay                      17.47859999999999    1.000000000000000    0.000000000000000
      gw_revap                      0.02002770000000001    1.000000000000000    0.000000000000000
         gwqmn                      440.3469999999997    1.000000000000000    0.000000000000000
       hk_mult                      1.894320000000000    1.000000000000000    0.000000000000000
      rchrg_dp                      0.03348950000000000    1.000000000000000    0.000000000000000
       revapmn                      792.9140000000003    1.000000000000000    0.000000000000000
            ss                      2.588790000000002e-05    1.000000000000000    0.000000000000000
        surlag                      7.884269999999999    1.000000000000000    0.000000000000000
            sy                      0.1005660000000000    1.000000000000000    0.000000000000000
